3.8654 6.8654 26
10.7095 13.7095 24
10.7044 11.9044 2
15.3144 18.3144 99
15.4409 16.7609 1
15.8270 16.3870 29
23.6063 26.6063 27
26.1666 27.0466 29
27.4404 28.4804 23
36.6764 38.8764 7
43.2962 44.2962 31
55.9773 56.8973 29
58.3886 59.3086 29
58.6435 59.6434 99
81.3981 82.8381 99
85.7517 87.6317 99
87.7633 90.7633 23
92.7065 94.5073 20
95.8603 96.8603 20
96.3807 97.1007 29
124.8253 127.2253 99
128.5568 129.5168 99
132.2344 135.2344 99
138.0074 139.0474 99
141.4555 142.3755 99
147.1373 147.9373 21
147.2243 149.0643 18
149.2256 152.2256 11
153.3867 153.9467 99
156.8240 157.8240 2
159.7011 160.3011 99
162.0114 162.7714 99
165.7778 166.7778 31
170.2187 171.0587 99
173.1770 174.1370 99
180.1371 181.6571 29
180.9116 181.4716 99
182.3359 185.3359 23
189.9526 191.4726 99
193.0015 195.4458 23
200.4463 201.1263 99
202.4867 204.5267 20
205.3201 207.8639 23
208.8433 209.4833 99
210.9596 211.9196 99
213.5118 214.5118 31
213.9562 214.4362 99
217.4827 218.8482 29
219.1834 220.0234 28
221.1831 223.2231 20
221.8326 223.4331 99
225.8518 228.8518 26
227.7640 230.7640 21
233.1683 234.0883 8
234.6322 235.3122 8
245.8217 246.5417 2
247.1787 249.2587 8
253.7421 254.7021 99
254.7368 255.5012 31
262.6048 263.5648 29
267.2944 268.2944 29
270.1620 271.2020 99
271.2020 272.1620 8
272.5334 273.0134 23
280.6160 281.8560 29
282.9397 284.1797 99
287.7829 288.4629 29
287.9545 288.7545 99
290.2843 291.6843 21
290.2843 291.2843 99
294.1713 295.0913 99
308.4124 311.4924 29
313.9160 315.9960 99
316.8952 317.6952 99
317.8942 318.8142 99
320.2758 320.8358 99
323.7015 324.3415 99
326.3790 327.0190 99
335.2498 336.4498 99
336.6069 337.6469 99
342.6251 343.1451 99
348.6849 350.2938 2
356.1680 359.1680 20
363.2019 363.8019 99
363.1199 363.8799 29
367.3253 368.1253 99
372.6861 373.4061 99
379.5724 380.5724 99
383.4755 384.3155 99
386.3785 387.3785 99
391.2100 391.9300 99
394.3850 394.9850 99
398.2275 399.7875 99
401.4770 404.4770 23
407.5453 408.3053 99
411.0797 412.0397 99
413.5772 414.6172 99
415.3665 416.1265 99
421.0356 421.8756 99
423.5354 424.5354 99
425.1542 426.8342 99
426.9593 428.3593 99
429.0619 430.2305 20
429.0821 432.0821 99
436.3813 437.6613 99
439.8627 440.7827 99
440.8511 441.6511 99
440.9316 442.1842 20
444.5620 445.2820 99
449.2099 452.2099 11
457.3307 460.3307 8
462.7180 464.2780 22
469.1184 469.7984 99
469.8384 472.8384 11
472.9171 473.6771 99
473.6771 474.6771 25
476.4371 477.4371 99
480.2192 481.6992 99
483.0714 484.3113 31
483.1188 486.1188 99
488.0867 488.6467 29
490.6523 491.2923 99
492.7179 495.2379 99
495.7475 496.965 20
495.6782 496.7182 99
497.2166 497.9366 99
499.4168 500.0568 99
503.2731 504.0806 31
503.3787 504.0987 99
505.9599 507.1599 20
506.0564 507.0164 99
507.8510 508.9710 99
510.6221 511.3821 99
516.4184 517.3174 28
516.4109 517.8108 99
518.8978 521.0577 99
524.0379 525.0779 99
525.8869 526.6069 99
531.2775 532.2374 99
533.2021 533.9620 99
542.5304 543.5304 99
544.4621 545.3021 99
547.4695 548.3495 99
548.7969 551.7969 23
564.1728 565.0528 99
570.4657 571.4657 99
574.7287 575.3687 99
577.7331 578.4531 99
579.0847 579.6447 99
580.4780 581.0780 99
582.5983 583.2383 99
583.7614 584.3614 99
585.8332 587.4332 99
589.5923 590.1123 99
592.3631 592.8583 29
595.5153 595.9553 29
596.6868 597.2468 29
596.6996 597.1796 99
597.8118 598.2518 99
603.6605 604.5005 99
606.8927 608.1727 8
613.3923 614.2723 99
614.6723 616.3523 99
618.9892 619.5492 99
620.3083 621.1509 31
620.5040 621.1840 99
621.3701 622.6326 20
623.3092 624.8292 99
624.5567 625.1967 24
626.8664 627.5864 31
626.8368 629.6767 99
632.3590 635.3590 26
639.9435 640.8635 8
661.1420 661.9669 31
662.6077 663.2877 31
664.1196 665.1000 31
667.0068 668.0909 31
668.3663 668.9366 31
669.6927 671.8527 99
671.7402 672.3648 31
678.9055 680.7855 99
680.8581 682.6181 99
683.2388 685.1588 99
688.6729 689.2329 99
691.7966 692.1966 99
694.6859 695.4026 31
696.9856 697.9856 99
698.4170 699.2170 99
701.1783 701.7383 99
702.4020 702.8020 99
709.4723 710.1523 27
710.2498 711.5564 20
711.5031 711.9831 99
718.3346 720.3346 7
725.8131 727.6955 20
729.0271 730.9871 29
746.9066 747.6666 99







