3.0354 5.0354 30
5.4812 6.1612 8
6.4235 7.3035 24
7.3155 10.3155 25
12.5328 14.2928 29
13.2948 14.1356 99
15.8813 16.6413 29
15.6449 17.2952 99
20.0295 21.5553 99
22.9972 23.9972 99
26.6506 27.7306 29
26.7371 27.5018 99
32.1950 35.1950 25
36.3674 37.3674 29
36.3764 38.0279 99
38.1591 41.1591 25
40.1619 40.9647 2
42.2344 43.2344 99
45.6441 47.6018 99
48.8096 49.7690 20
49.8042 50.8042 99
51.0165 52.0165 31
52.1868 54.1868 7
54.3885 55.3885 23
55.6935 56.0935 29
56.4040 57.4040 99
62.4590 63.3425 99
66.7700 67.5312 31
68.3122 69.3122 99
68.9923 69.9923 24