5.2817 6.278 31
5.6815 7.4015 29
6.2417 8.2428 20
12.4264 13.2680 29
12.6680 14.6708 27
14.8592 16.1358 20
16.3120 17.9946 31
31.3956 32.1156 29
32.3220 35.3220 11
36.7114 38.7114 27
37.0709 39.0736 20
49.1511 50.1550 2
53.5216 54.2506 99
61.1014 62.3014 30
62.5936 63.2336 5
63.2336 63.7936 4
63.8542 65.2604 23
64.1820 64.8620 29
67.4206 68.3537 2
73.2777 74.0119 31
74.0328 74.5542 99
74.6324 75.2329 31
75.4518 75.9731 99
77.1937 77.4737 99
79.0181 79.5381 99
79.4033 80.2105 31
83.2963 83.9763 99
86.5610 88.1743 99
93.0784 93.5984 99
98.4378 99.0778 29