12.9416 13.6616 11
13.6616 14.1816 12
14.1816 17.1816 23
15.3490 16.7090 2
23.4093 26.4093 23
23.4181 26.4181 24
51.0339 52.9170 23
55.2158 58.2158 23
67.7778 68.7778 23
73.4112 75.7727 23
76.0457 77.0457 31
77.9166 80.9214 23
82.4610 85.4610 24
93.7715 95.2915 31
104.3588 107.3588 23
107.8178 108.5815 2
109.0026 111.0026 24
124.4739 126.3176 20
132.1648 134.1648 28
132.1667 133.0871 23
141.6963 142.6963 23
161.6779 163.6795 23
161.6805 164.6805 24
165.5643 166.5762 24
167.0518 168.0518 23
175.0662 176.0662 23
188.1077 189.1077 99
188.4992 190.4992 20
190.6630 191.3031 99
192.0669 192.7967 99
195.6123 196.6179 23
202.9473 203.9473 23
206.8561 207.8161 24
208.0536 210.3396 23
209.3516 210.3516 20
228.0853 228.9349 23
229.9780 230.9780 29
236.2178 238.7094 24
241.8736 243.5629 23
248.0273 250.0339 23
255.6567 256.6567 23
258.9142 259.9142 23
263.0621 264.6621 8
264.6668 267.6703 23
283.4130 285.8543 23
290.2947 292.2961 24
297.7895 299.2325 8
299.2325 301.2449 23
308.1234 311.1234 23
317.0323 318.7546 99
318.7546 320.3209 23
324.4935 326.3363 23
325.3363 326.1412 31
327.4007 328.9220 23