3.3929 4.0705 20
4.1577 7.1577 8
11.7544 12.5951 99
12.5220 14.5220 23
14.7294 16.1294 23
17.5973 19.5192 99
17.7681 18.4456 31
20.6697 23.4697 99
24.4670 25.9479 31
24.3879 27.3879 99
26.0382 27.3904 31
30.2777 31.2015 99
31.7763 34.7763 99
37.5190 40.2814 99
41.0792 42.0010 99
42.4164 43.4164 99
44.5948 45.3177 29
44.7212 45.3212 1
44.8662 45.8662 99
46.2595 49.2595 99
49.9505 52.9505 99
59.6556 61.0178 2
61.1304 63.1304 99
65.6759 67.3159 99
69.6172 72.0172 99
72.0210 72.9010 23
77.4695 78.7495 99
79.5479 80.2756 29
82.0393 83.4793 99
86.2888 87.6888 20
86.3693 88.8493 99
87.9563 88.9563 23
88.4104 88.6904 25
90.3761 91.2190 2
91.8717 93.4317 99
94.6444 97.6444 99
99.2228 100.1480 20
102.8444 103.8444 99
105.1297 106.1297 99
106.9095 107.9095 99
108.6595 109.6687 23
109.6721 110.4725 99
110.5818 110.9591 31
110.8306 111.8310 99
112.7791 113.6158 2
112.7378 113.6178 29
113.9066 116.0266 99
125.1034 127.1034 20
131.8197 133.4597 9
133.4657 136.5583 8
144.7239 145.7239 29
154.3691 155.3691 99
163.5333 165.0933 8
164.6541 164.9741 2
170.7875 172.8275 9
172.8287 174.3487 8
179.1841 180.3441 99
182.3837 183.0596 29
189.4381 190.1181 99
189.1245 192.1245 21
191.6493 192.6493 99
195.8753 196.6052 99
196.5299 197.3355 29
196.7464 197.4249 31