2.9706 3.9951 31
2.9986 3.9986 24
4.9864 7.9864 23
9.6200 11.5800 9
10.3005 10.9805 29
13.7172 15.7251 20
20.2948 21.1390 20
20.8683 23.8683 7
23.7659 24.5716 29
24.9170 26.9087 20
35.5004 35.8767 99
43.0627 44.7630 29
54.0636 55.0636 31
55.3065 56.3065 29
62.6746 65.6746 7
69.7329 71.3729 9
85.6815 88.6815 20
92.1535 93.1535 29
100.3118 101.1148 31
102.2078 105.2078 11
106.8264 107.8264 31
109.5138 109.9937 99
109.9945 112.9945 11
113.1610 114.6010 99
114.6010 115.9728 11
115.9728 118.9728 99
117.2574 118.8974 20
120.0432 122.0436 31
121.7662 122.3800 29
124.9024 125.6644 31
125.9525 126.5950 31
126.2555 126.5755 99
127.1896 127.9194 99
129.0295 131.0381 20
130.8781 131.8068 99
135.2489 136.2489 31
135.3363 137.2683 99
144.1980 145.1980 99
148.3391 149.6275 31
153.8046 155.3246 29
155.0511 156.1338 21
155.5761 156.5761 17
157.4807 158.4807 22
165.6433 167.6433 20
173.6916 174.4554 29
173.6625 175.9425 8
180.3856 181.7856 31
189.2405 190.1985 31
194.5673 195.5673 2
196.5444 197.5444 31
196.5599 199.5243 20
204.2940 205.0501 31
211.2642 212.0642 99
212.1568 214.0413 15
214.0413 216.6014 8
216.6014 217.6014 17
219.1503 219.8834 31
221.3551 223.1396 20
224.3546 225.7980 31
226.5730 227.2994 31
230.1522 230.8391 31
232.6444 233.6444 31
237.4113 238.4113 20
238.4226 239.5738 99
240.3860 243.3860 99
245.3791 246.3791 99
248.9643 251.9643 99
252.7327 253.6532 31
253.9329 255.1729 99
255.1793 256.2993 11
256.3013 258.9013 12
258.9103 259.9103 99
261.1311 261.7066 31
261.9466 262.5868 99
264.4287 266.4376 99
265.2212 267.2123 31
269.2127 270.0219 99
276.6236 278.6236 29
279.1481 281.8477 29
283.9322 286.9322 7
287.8205 288.5881 11
288.5881 289.9481 8
289.9481 292.3880 11
292.3880 292.8280 99
292.8280 295.8280 8
298.3127 299.3127 99
299.3174 302.3174 8
301.2015 302.0145 99
304.1060 305.0199 31
305.6126 306.1931 99
306.2059 307.6859 8
307.6964 308.6964 99
309.1520 310.1520 31
309.3985 309.9185 99
313.9104 316.1365 99
317.4979 320.4979 99
322.0361 325.0361 20
326.7786 327.7786 31
329.0812 330.0812 2
329.9602 332.9602 99
338.2694 341.2436 99
340.4592 341.2214 29
343.0037 346.0037 99
351.8640 354.7046 99
358.0609 359.9056 8
360.0109 363.0109 8
370.5119 370.9118 99
370.5118 371.2718 29
370.9918 371.8966 8
371.8966 372.8966 99
372.8436 373.6448 31
375.2074 378.2074 20
378.8463 379.4626 31
379.9596 382.9596 4
383.1559 384.1559 99
384.3732 386.3875 99
386.5621 388.5621 99
387.7259 388.5635 31
389.4341 391.4341 99
393.1189 396.1189 99
395.5282 397.3712 31
405.6561 406.6561 99
406.4105 406.9019 31
409.1428 410.8228 4
410.7728 413.7728 99
416.0351 416.9150 11
416.9966 419.9966 99
418.8148 419.8148 31
422.7410 423.7410 31
422.7644 423.7644 99
424.0824 426.6824 8
428.7558 429.4832 31
430.7459 431.3229 31
430.8029 431.3229 99
432.6138 433.4538 31
435.2356 436.0572 31
436.9742 437.9742 31
436.9883 437.9883 99
436.8628 437.7028 31
436.9629 437.6469 99
439.9212 440.9212 31
439.9249 440.7720 99
441.4291 442.2304 31