5.2447 8.2447 24
8.8951 10.1385 29
12.1896 12.9504 99
12.9504 13.9504 24
15.1236 17.1236 31
17.6617 19.5017 99
19.5017 20.5017 24
24.2663 25.1497 99
25.5775 27.5775 99
34.4088 35.9307 99
38.2997 41.2997 29
56.9491 58.2316 21
58.2387 59.2387 27
59.2424 60.4069 30
59.6118 60.2221 2
61.0393 63.0393 22
66.0159 66.5776 99
68.7296 69.8526 8
69.8526 71.8526 11
72.1927 75.1927 99
83.9660 85.2495 99
85.1056 86.1056 31
86.6421 88.7773 99
89.5474 90.7546 99
94.0377 95.7180 2
94.3725 95.7253 31
94.3752 95.2277 99
99.1801 102.1801 99
103.2539 103.7106 29
103.5162 103.9962 99
105.9141 106.6442 99
109.0714 110.7953 99
117.7731 118.3395 99
119.4579 120.2589 99
129.2941 130.1757 31
132.7678 133.8388 29
134.9596 136.2135 29
144.2737 144.9939 99
145.3743 148.3743 20
147.3765 148.3905 99
150.8546 151.6559 99
151.7449 152.7260 31
155.1367 158.1143 99
163.7244 164.4466 99
166.1003 166.9089 31
167.7364 168.5809 2
168.4157 169.2280 31
175.3887 175.9913 29
176.1113 177.5686 31
186.8041 187.8041 31
186.8087 189.8087 99
190.2791 191.6040 31
193.5662 195.5283 20
194.5283 196.0992 99
201.6726 202.5690 99
204.9109 205.8094 31
213.7822 214.3622 29
214.3752 215.1866 99
217.2462 218.2462 99
221.8945 222.7132 99
227.6035 229.8869 29
231.9184 232.9184 31
231.9199 232.4884 99
234.9165 235.9165 31
236.0843 239.0843 20
236.0843 239.0043 15
239.1625 239.8825 99
239.8973 241.3370 23
240.0170 241.0170 24
241.4734 241.9736 99
241.9752 242.2152 24
242.8952 243.2952 99
243.3352 243.7752 24